171.19	151.28	170.08	183.05	158	131.56	166.35	134.55	243.4	172.92
171.26	151.99	168.07	178.5	158.01	130.97	160.94	146.34	217.08	172.36
445.82	362.09	262.71	387.56	277.36	302.91	266.11	280.16	292.83	378.14
528.96	443.94	323.34	243.48	288.56	221	257.54	226.38	294.31	250.42
60.978	104.72	69.909	72.168	81.235	84.224	80.681	88.674	97.783	71.185
70.595	81.111	74.964	104.84	101.13	89.142	72.84	78.289	84.84	80.545
140.38	263.92	156.56	260.71	237.95	262.17	216.28	271.46	217.33	265.02
99.865	167.2	220.28	202.09	255.89	231.05	252.97	236.72	251.25	212.87
118.74	123.85	109.43	106.09	125.82	115.57	119.97	125.59	131.83	111.48
101.68	90.462	109.52	110.79	115.33	100.54	132.45	121.19	116.68	121.29
173.96	227.12	219.48	183.07	186.21	176.4	203.61	173.76	149.9	169.71
163.37	95.867	95.471	114.58	139.36	134.78	135.27	120.33	140.64	124.66
89.21	98.045	95.68	99.249	102.53	87.317	79.265	80.766	89.954	78.54
71.166	85.175	90.634	104.67	86.572	96.067	87.692	95.729	85.989	104.2
95.155	86.628	105.88	121.49	105.16	99.889	107.19	103.76	92.419	106.71
180.8	228.73	168.7	111	124.5	122.93	133.25	136.66	134.75	140.02
67.519	69.874	68.5	79.943	88.902	64.458	71.186	71.736	74.471	72.878
102.64	99.36	78.459	83.889	60.975	64.947	75.233	72.14	70.254	64.577
99.693	88.705	90.254	99.96	86.391	101.65	96.205	106.97	93.208	81.811
83.256	115	116.3	107.83	110.91	96.877	94.678	108.33	101.99	97.142
74.824	62.013	67.918	87.87	75.472	71.485	68.058	75.335	70.1	62.549
75.662	114.07	117.51	141.07	109.21	124.51	101.2	120.94	116.25	119.61
107.88	142.17	121.96	84.272	90.763	92.591	96.629	91.669	102.39	100.78
119.97	116.74	127.81	134.64	127.59	127.47	106.35	114.34	112.15	110.16
173.26	165.42	136.37	91.567	100.11	101.36	94.811	97.178	105.55	92.508
97.913	78.688	72.579	72.827	81.558	76.469	84.173	88.606	79.551	78.671
121.3	102.42	111.5	82.574	93.004	86.298	89.933	79.877	76.108	71.199
108.33	101.66	94.171	128.11	107.89	114.02	99.399	96.458	84.328	105.14
78.024	147.86	157	163.74	153.65	146.91	156.72	139.19	166.16	134.67
73.687	102.4	92.104	74.209	85.186	71.562	83.465	68.089	85.602	61.323
145.71	136.62	118.4	155.75	118.5	117.06	118.49	100.31	96.876	111.9
131.77	144.62	102.59	126.35	105.55	93.323	117.31	93.355	106.34	88.825
66.402	88.707	67.791	85.22	81.515	89.056	87.872	87.291	85.113	82.636
107.61	97.138	88.395	87.061	80.451	70.556	74.905	69.142	70.491	74.496
60.379	70.051	57.243	92.628	70.755	63.008	71.566	65.263	82.153	83.921
78.028	104.1	85.483	112.11	99.508	95.237	94.523	105.15	95.561	100.38
98.207	128.17	96.514	89.978	80.501	76.712	69.705	85.071	74.263	78.211
54.081	68.417	67.819	67.805	70.836	62.466	58.017	69.994	59.294	62.416
95.325	101.87	79.452	79.408	76.37	77.026	70.575	69.259	75.674	73.137
107.74	85.504	94.092	86.924	88.095	87.659	95.357	91.63	90.024	86.933
74.439	87.79	69.843	76.997	66.957	56.903	61.813	72.865	58.912	59.945
53.545	64.714	63.568	65.859	60.136	68.31	68.118	65.366	63.939	64.183
68.804	72.814	62.472	68.346	57.731	57.733	64.37	61.434	58.273	64.114
94.576	119.13	77.728	93.882	88.632	76.371	96.748	75.652	86.219	81.89
58.604	85.887	64.473	84.913	95.082	79.563	58.601	77.994	64.83	66.8
90.205	107.81	87.684	67.318	73.427	87.374	58.89	82.195	97.254	78.616
97.529	89.58	78.289	102.22	93.537	63.254	95.929	84.136	105.3	74.225
62.067	73.886	66.386	69.383	71.116	79.041	63.58	77.142	68.251	76.029
88.443	120.2	86.435	101.04	101.31	78.308	92.968	93.212	102.1	93.227
84.998	62.666	57.413	57.624	77.159	52.363	65.726	61.181	58.252	55.014
71.829	89.019	71.492	59.922	76.664	55.285	73.068	68.355	56.766	58.938
102.74	105.16	80.767	92.91	86.982	86.998	84.449	75.39	69.556	96.953
81.616	86.946	63.971	77.006	82.54	72.222	81.3	75.049	72.695	82.49
68.486	120.68	83.002	83.459	76.707	76.402	76.28	77.337	72.968	77.288
83.176	87.553	71.159	77.062	71	62.804	71.052	71.922	69.507	81.62
78.49	106.68	87.449	92.061	83.157	84.186	80.656	86.43	73.401	76.932
139.34	111.02	108.25	97.94	96.431	89.399	99.629	96.981	85.543	90.147
87.101	83.441	85.742	98.445	78.343	77.734	69.125	87.34	74.278	90.9
113.9	77.757	81.294	76.845	73.711	87.967	70.41	78.043	69.65	65.522
110.75	92.098	99.223	110.59	113.33	107.49	102.59	107.58	85.633	94.649
95.033	170.73	139.06	148.05	157.29	140.19	135.11	145.2	156.53	129.37
71.336	72.709	66.492	75.329	74.289	62.166	69.656	67.474	76.177	65.358
77.115	114.52	81.927	99.666	91.669	93.518	72.066	69.591	68.796	85.273
138.44	105.98	95.91	107.11	108.62	99.351	111.59	96.904	115.34	101.96
80.199	101.39	93.749	106.81	98.964	99.151	88.874	108.34	100.91	118.27
104.75	88.315	79.425	90.947	88.895	81.504	89.931	81.509	93.869	90.599
91.303	113.35	110.94	114.65	111.85	100.22	105.53	110.13	109.84	108.4
84.234	117.98	101.69	89.741	102.43	89.33	97.088	99.146	121.95	103.89
91.715	101.52	98.198	118.35	106.2	95.471	98.479	116.81	102.9	102.2
85.852	119.22	113.3	87.633	107.11	87.338	100.04	80.691	88.098	88.721
65.095	64.274	59.057	65.433	64.821	59.363	59.853	59.2	73.692	60.505
87.146	91.762	86.102	82.447	77.529	93.453	93.658	81.286	71.822	83.454
128.89	91.583	85.777	98.193	102.32	104.77	90.681	103.01	85.026	108.27
83.537	84.551	85.52	101.57	105.83	91.794	83.376	94.393	97.565	102.24
62.128	72.7	49.345	68.785	70.089	58.793	52.515	66.544	69.523	64.051
98.687	111.14	109.24	131.56	102.61	114.86	93.946	122.12	95.449	114.3
86.488	126.1	116.99	101.81	131.24	106.57	132.29	114.45	150.06	125.33
114.54	122.4	110.67	137.96	134.91	124.11	109.13	125.68	124.12	119.12
97.096	80.702	79.061	80.17	95.885	66.689	85.006	77.938	79.407	81.977
111.41	162.96	77.304	150.01	121.83	102.42	124.07	121.3	114.26	135.92
383.56	358.61	269.11	285.92	262.08	243.13	234.4	206.05	239.89	212.35
99.927	130.47	102.96	131.27	159.12	170.8	164.71	170.79	169.39	186.79
65.678	94.585	94.589	113.53	118.87	114.62	125.64	105.11	122.66	125.19
140.17	113.89	91.596	169.74	143.05	123.6	130.54	100.71	112.47	126.83
327.11	234.56	270.7	340.5	325.05	333.86	282.19	333.36	308.43	343.01
120.28	154.85	181.18	115.48	171.63	123.3	142.37	112.21	138.1	139.8
86.855	83.449	77.683	98.88	85.461	80.239	78.533	82.392	75.109	78.418
346.21	304.19	171.54	227.48	210.67	186.86	386.66	453.6	144.57	171.13
503.05	1205.3	1021.4	1345.5	1366.7	1525.8	1235.7	1666.8	1582.8	1403.5
112.95	200.87	145.77	347.33	215.84	225	226.79	276.24	237.64	232.93
126.35	411.39	271.6	253.62	208.97	233.72	209.02	243.21	303.74	485.33
1227.7	1284.1	1490.4	1341.1	1603.6	1120.7	1755.4	1113.9	1596.5	1297.4
114.04	108.78	196.13	84.169	98.6	82.944	113.79	83.361	101.54	73.342
119.1	74.975	80.958	63.823	60.509	70.035	81.852	80.595	72.681	57.549
341.05	259.44	166.46	229.65	129.83	196.7	191.91	147.35	148.54	155
105.79	283.36	183.24	197.46	235.42	266.97	248.42	273.09	279.31	246.31
47.509	84.256	77.391	95.249	110.29	103.82	89.235	108.56	110.6	91.447
83.6	98.192	81.861	131.24	105.96	121.47	110.59	122.01	115.11	126.83
106.48	176.26	186.09	234.22	218.89	206.79	215.65	176.63	241.82	195.94
190.64	256.97	275.87	176.38	215	145.61	214.4	173.96	218.62	140.94
101.55	88.576	112.1	88.558	101.82	87.138	110.02	102.59	110.5	99.693
68.364	108.55	117.63	93.915	88.039	75.323	79.564	86.665	74.535	84.133
116.48	99.127	111.41	123.85	127.06	124.02	143.45	147.55	136.58	127.61
106.03	123.71	140.53	154.3	132.95	126.66	123.7	138.95	132.49	143.6
84.715	134.43	91.966	100.73	93.001	89.132	87.806	91.098	116.48	103.12
58.739	87.498	62.182	82.229	73.919	68.368	68.69	80.49	80.604	76.109
180.94	212.61	124.52	125.05	98.687	96.834	104.86	117.53	113.58	105.71
98.031	111.38	91.363	96.42	101.16	91.256	94.434	108.33	101.11	87.401
72.831	80.521	71.879	63.107	76.133	68.136	63.147	64.429	68.792	65.74
64.031	59.354	61.264	82.148	62.436	65.195	66.4	74.345	59.068	73.427
77.494	139.57	142.63	162.96	148.82	140.61	139.43	131.08	126.18	129.34
106.4	103.73	99.489	124.52	90.081	87.207	92.582	99.193	89.635	84.381
109	126.33	114.57	136.32	140.51	131.59	122.47	102.2	111.96	115.15
135.98	169.39	159.27	95.26	101.1	93.271	116.5	85.617	107.24	102.33
92.804	79.721	96.031	95.72	85.422	90.469	91.871	82.78	82.47	95.706
192.14	130.25	130.5	103.2	92.558	90.479	105.79	82.366	100.79	104.53
91.749	91.885	82.396	98.359	100.21	104.12	96.905	107.19	101.11	116.65
63.275	85.312	94.463	95.275	105.91	90.207	98.217	93.847	95.39	85.039
93.587	109.72	102.79	110.23	74.2	80.828	68.881	90.805	82.198	93.95
144.94	186.48	168.24	196.67	166.79	128.39	137.93	132.93	154.06	155.91
79.969	105.14	101.85	73.675	80.871	75.252	95.409	74.236	99.545	76.209
85.857	73.611	86.968	84.509	72.562	73.35	77.138	77.093	65.978	71.245
128.85	115.74	110.47	87.071	81.472	73.792	73.738	83.386	80.683	73.623
72.271	86.873	71.346	81.773	90.266	87.034	99.763	84.413	100.36	87.127
104.68	113.62	106.47	99.092	105.36	86.055	102.92	94.391	106.6	87.533
71.105	98.313	75.064	73.851	76.201	74.158	81.585	73.831	75.973	73.361
61.916	88.023	77.121	79.29	73.177	73.084	71.252	71.871	74.072	71.003
101.47	137.8	102.37	95.49	94.767	89.331	95.796	96.085	92.857	103.36
80.08	74.118	76.764	71.435	77.477	75.749	79.146	82.929	80.183	71.874
68.412	75.013	70.679	66.509	67.933	52.982	64.211	77.239	61.897	57.096
74.708	85.458	61.797	71.129	75.152	73.821	64.559	73.82	66.244	70.286
89.952	96.393	81.139	82.509	82.981	79.893	67.977	80.923	82.125	79.546
72.056	89.314	74.409	84.469	88.767	80.605	69.185	70.407	70.547	63.049
67.096	59.19	66.124	72.23	70.695	64.733	66.78	62.378	56.907	61.168
92.076	118.82	73.958	74.248	75.093	65.225	73.704	64.457	62.849	69.776
87.314	90.059	89.603	71.552	102.7	67.435	110.08	84.017	81.372	77.848
68.01	110.04	112.94	95.685	94.824	116.16	85.231	86.509	100.29	91.52
73.712	82.497	72.868	67.757	67.174	59.752	81.253	59.747	92.064	72.421
65.003	67.862	59.52	63.98	48.705	61.119	68.642	62.198	75.476	76.631
91.209	101.81	71.685	89.012	71.35	67.941	69.669	79.427	88.605	74.52
109.22	86.705	81.697	70.009	68.553	67.23	85.567	81.094	86.063	77.51
59.746	71.326	61.352	60.499	63.622	58.776	52.825	66.027	64.353	57.423
73.224	95.785	81.594	81.843	73.926	79.468	78.235	86.757	82.504	73.481
95.254	93.223	79.957	82.86	95.62	69.741	80.379	92.72	71.777	71.374
70.836	130.35	97.219	111.61	86.351	98.036	91.568	93.116	80.255	82.049
94.717	76.986	67.594	76.75	71.325	73.248	65.98	74.454	71.597	70.888
88.368	79.881	72.606	79.283	75.019	69.879	60.13	66.339	64.896	62.967
127.83	91.386	76.302	90.466	79.166	80.677	80.738	71.576	80.827	80.321
93.96	124.52	82.181	107.38	103.45	103.78	91.178	116.43	100.09	103.64
79.842	106	81.75	85.942	88.239	83.31	92.725	93.538	108.44	83.574
92.132	95.208	63.774	88.271	94.084	90.597	105.14	90.837	91.968	93.543
137.04	203.5	175.53	178.38	153.25	136.62	154.63	135.33	144.21	152.52
95.486	80.975	95.127	79.761	80.377	79.08	108.72	90.619	91.378	93.305
68.095	83.835	72.184	72.517	73.335	78.313	75.99	77.821	70.008	86.005
138.3	89.815	94.183	87.764	81.8	88.347	94.751	91.541	77.206	84.452
83.747	107.48	95.665	121.03	117.53	123.73	105.31	125.75	117.63	126.47
102.14	113.17	99.295	101.03	94.061	99.098	103.17	99.801	108.59	99.777
105.09	109.56	105.63	116.27	107.66	105.55	92.971	97.91	98.664	98.314
72.759	112.64	95.782	85.287	96.641	92.477	93.667	91.985	114.15	87.727
77.621	73.174	82.017	85.324	85.03	75.885	66.034	87.819	73.949	92.791
98.874	120.42	97.045	89.533	124.97	89.936	90.585	101.98	99.059	99.667
92.953	69.46	72.505	72.796	90.776	78.866	68.979	82.231	84.942	74.436
67.761	71.016	82.868	71.432	72.645	64.841	72.988	61.899	73.378	69.624
76.757	72.956	68.102	92.534	79.612	85.75	79.49	83.014	75.905	70.766
101.29	134.19	148.55	146.96	159.3	131.63	143.1	143.05	130.12	140.82
71.112	89.493	89.745	77.411	83.606	76.121	76.945	81.278	80.219	73.858
99.464	99.675	81.92	109.72	90.73	97.524	84.446	90.093	87.614	78.077
77.742	91.089	90.529	86.924	97.672	98.883	96.971	95.896	111	98.544
141.53	184.38	121.88	186.34	169.42	181.23	142.87	170.46	168.92	183.93
239.09	182.12	192.12	154.09	167.91	154.07	159.02	150.93	168.52	135.06
83.899	89.837	63.304	75.645	85.883	92.532	107.88	102.09	95.68	100.86
149.39	191.07	160.32	170.91	168.28	132.34	158.81	175.75	160.12	165.48
309.78	234.14	174.52	248.84	258.5	257.2	250.09	309.43	229.4	281.34
97.205	150.48	178.77	159.73	239.47	228.79	255.24	211.86	263.02	231.43
87.256	84.296	68.38	66.27	69.701	71.555	63.427	73.961	73.104	67.086
215.42	153.03	82.74	152.78	96.036	94.853	101.47	107.84	103.59	117.55
393.39	481.87	428.95	364.98	421.53	401	332.34	360.95	354.62	335.18
79.826	164.9	166.47	176.26	309.98	257.55	266.53	261.36	343.01	250.86
125.35	301.34	120.5	217.19	199.92	188.15	201.93	198.34	214.69	395.8
597.9	1359.4	854.95	1367.2	1076.5	1542.9	948.28	1432	1047.7	1436.9
528.47	480.41	912.74	681.66	977.94	746.14	1187.7	806.91	1072	716.37
202.14	162.06	150.87	210.91	157.1	174.87	211.26	164.74	216.77	120.59
455.01	302.66	261.46	483.21	256.64	372.23	298.21	344.99	355.12	255.44
476.98	363.29	331.05	281.35	259.88	233.85	295.48	278.03	370.08	224.82
84.799	77.525	66.806	73.649	84.655	88.821	66.369	84.523	83.296	86.994
62.305	104.16	59.386	97.836	75.902	74.055	84.383	99.041	82.284	100.9
118.56	256.07	150.25	248.48	239.33	243.04	210.19	251.71	216.54	296.31
93.349	155.73	217.05	214.42	271.13	258.91	270.01	243.09	261.3	219.27
108.56	117.25	115.63	99.205	139.78	129.18	134.92	122.24	132.19	125.55
91.721	106.57	114.8	121.75	127.08	106.27	124.28	101.83	120.34	132.39
162.14	226.63	240.48	190.25	192.6	167.48	200.11	168.77	164	183.76
171.28	95.165	96.375	127.52	133.08	134.69	162.88	139.27	146.62	123.09
96.92	97.206	95.53	97.133	91.633	75.805	86.432	103.01	87.821	77.233
68.374	83.234	92.25	95.78	86.719	88.509	93.407	92.248	89.098	92.035
110.02	95.269	103.23	129.69	103.5	112.68	105.77	100.71	107.67	95.104
196.1	227.19	173.95	132.1	133.13	125.98	154.17	134.3	145.84	123.69
70.919	67.892	65.653	72.377	86.494	69.154	88.234	79.733	72.746	71.093
97.743	93.03	87.841	66.68	64.416	69.887	65.826	58.711	64.802	67.642
109.97	99.5	75.54	97.524	88.772	99.722	84.418	88.607	82.419	99.716
78.114	100.19	115.79	116.07	105.15	92.447	89.852	91.343	107.88	108.07
64.209	73.863	62.168	74.571	75.864	75.607	67.691	75.746	78.896	85.812
65.935	112.44	116.73	142.92	119.22	116.02	108.72	125.37	107.88	118.51
100.23	145.2	126.57	95.705	93.879	82.11	95.827	105.31	97.312	96.523
104.45	141.75	124.15	146.73	121.61	127.41	110.23	131.57	109.41	99.454
163.46	164.07	123.03	96.05	117.16	99.8	99.93	102.4	83.244	98.529
83.3	81.141	63.896	76.363	79.154	82.046	83.134	97.112	80.208	73.792
124.95	103.21	99.522	84.589	92.583	93.673	82.272	80.474	74.368	71.635
122.15	111.48	96.116	121.18	111.09	114.53	106.16	97.281	92.963	110.44
90.894	144.78	148.59	154.63	150.49	129.31	142.82	133.16	143.94	155.56
59.922	92.942	90.315	83.264	64.12	58.675	66.762	56.857	77.805	57.982
124.12	136.64	110.84	139.22	115.22	107.51	96.733	86.724	107.47	117.62
124.65	129.71	116.74	115.47	84.233	88.045	102.09	83.052	101.01	110.32
61.07	86.026	69.075	74.562	73.592	86.84	66.286	83.919	82.539	97.012
121.05	103.35	84.917	80.751	80.1	73.291	72.988	72.63	67.646	82.1
68.35	74.927	61.763	73.598	73.916	70.019	72.85	83.418	70.517	67.865
75.185	84.938	103.35	112.15	107.97	85.723	96.369	106.77	104.19	99.723
99.391	125.91	94.044	80.937	84.476	77.437	81.149	88.413	89.595	76.49
65.634	77.848	59.849	56.035	74.735	70.812	64.283	71.166	74.04	62.606
68.991	101.61	86.686	89.99	86.855	74.124	72.36	75.484	66.068	69.47
93.613	102.64	90.878	89.191	80.24	97.179	90.342	101.97	93.343	75.368
81.578	87.024	68.247	65.952	79.65	67.001	57.047	71.303	67.983	73.86
61.936	62.414	60.228	69.377	61.67	65.592	63.935	65.733	66.399	58.257
74.98	67.567	66.802	60.303	63.409	58.827	61.61	58.355	59.301	64.003
100.56	110.16	88.993	84.04	95.335	83.808	92.593	70.412	86.82	64.273
72.964	68.512	58.194	79.905	89.751	67.631	76.102	79.446	66.707	64.927
63.265	92.178	67.058	75.922	66.324	68.221	87.013	71.384	80.636	69.078
94.421	91.049	83.328	72.709	73.453	74.13	83.966	64.262	83.265	78.391
74.704	83.148	82.071	80.786	58.292	74.359	67.401	78.418	71.437	87.299
99.866	119	98.922	95.203	88.419	91.696	82.701	84.754	104.32	92.061
71.6	65.611	78.559	62.73	60.128	67.871	54.984	58.262	58.335	59.141
71.113	86.126	54.103	77.571	90.956	59.893	68.555	70.594	55.014	60.858
97.692	89.011	88.318	86.436	101.07	98.852	69.277	79.371	86.844	91.273
90.175	92.769	70.845	75.019	81.086	76.488	65.328	81.784	70.448	76.453
66.917	102.66	78.609	86.481	85.936	74.493	68.535	78.697	77.487	73.289
87.684	73.147	68.932	64.792	63.221	70.435	64.747	70.944	71.236	73.908
93.249	103.39	84.674	91.843	76.768	89.72	76.222	78.096	76.056	74.888
134.89	104.01	101.51	94.915	92.399	93.266	97.894	96.243	87.67	76.167
69.12	86.428	80.476	75.391	83.267	81.446	78.261	90.46	77.898	88.099
116.99	75.648	80.014	78.159	76.88	79.333	87.39	78.418	81.344	71.7
102.91	119.99	111.73	127.98	111.29	104.39	109.93	94.796	96.954	101.31
97.198	181.55	155.56	123.79	140.11	126.48	150.37	171.86	162.02	146.83
72.293	67.248	70.861	81.321	68.54	68.047	66.104	72.677	71.822	77.322
92.876	110.65	86.029	94.217	96.945	74.685	74.609	88.057	75.048	80.356
142.96	100.54	101.14	104.77	109.51	101.48	102.84	108.74	109.33	110.73
70.683	110.78	85.498	104.46	110.46	105.6	89.885	113.69	95.612	106.35
99.984	79.625	84.902	89.834	96.705	93.375	85.026	86.838	97.602	82.34
95.525	99.544	101.37	108.55	120.41	118.12	99.501	114.27	104.58	105.86
81.335	113.73	100.49	82.92	98.678	96.852	108.51	105.77	111.84	95.764
97.66	110.9	86.684	101.66	103.23	107.64	111.74	108.69	109.4	104.61
82.415	119.06	93.855	88.119	95.553	100.79	93.682	83.209	97.259	89.033
69.65	74.757	61.413	60.764	64.075	67.211	67.101	61.472	69.52	72.075
85.997	95.212	92.458	89.098	73.01	76.082	80.043	70.307	77.959	81.607
122.38	99.789	92.987	105.85	106.94	97.639	82.577	86.484	88.184	100.3
66.383	86.586	90.754	94.954	112.26	94.331	85.452	88.604	108.04	100.59
58.643	69.728	59.723	60.2	64.194	62.401	58.63	67.734	64.53	75.386
98.867	118.65	114.09	139.11	137.26	114.51	98.998	118.71	114	119.29
90.65	126.36	129.98	114.08	116.14	118.59	125.72	122.38	142.37	135.65
114.32	122.26	109.84	121.5	134.61	143.71	116.32	131.42	122.39	116.46
75.939	77.826	77.418	83.028	76.817	79.267	73.409	84.686	89.247	75.568
67.942	104.69	80.866	129.39	103.21	121.74	90.268	129.08	100	133.92
385.52	351.68	257.65	297.27	241.38	241.87	204.58	254.53	224.47	209.31
96.129	135.76	100.27	135.66	164.51	169.82	154.02	202.24	162.46	170.68
82.595	95.675	95.147	99.451	119.27	103.6	122.02	119.75	126.55	125.61
152.05	121.87	88.539	112.62	94.452	103.08	124.84	154	92.294	117.71
310.54	247.35	268.81	303.09	287.06	332.57	349.26	330.26	292.78	316.59
112.23	134.41	172.6	110.81	162.61	151.72	151.88	108.92	152.95	92.372
118.3	112.31	90.874	97.103	92.521	84	70.657	74.088	84.117	89.999
329.29	316.33	199.01	244.2	139.56	479.27	126.15	235.37	264.97	278.71
485.93	1391.2	965.48	1131.1	1557.8	1469.5	1311.6	1584.4	1514.6	1383.8
103.35	174.57	145.27	207.78	222.5	233.54	259.16	206.75	343.42	212.45
133.45	186.67	343.22	519.77	375.67	225.45	458.17	320.39	187.39	311.88
1208.2	974.89	1403	1547.9	1691.1	1133.6	1576	1139.6	1659.8	1261.8
119.64	104.51	296.67	89.049	93.475	65.926	290.91	80.888	111.21	74.095
106.78	100.76	67.733	84.905	65.889	59.364	71.774	81.45	62.527	62.728
270.62	275.9	166.66	195.26	128.88	122.82	144.86	175.21	115.8	169.79
107.57	266.08	181.58	202.8	261.86	230.58	230.93	266.97	229.24	266.49
74.937	93.575	77.924	94.916	108.43	97.437	100.97	91.61	91.712	116.86
77.851	108.63	76.325	114.15	120.4	124.55	110.34	127.78	107.84	128.93
116.99	159.8	208.72	217.52	227.83	217.86	252.25	215.41	216.85	218.12
215.58	245.13	264.54	200.54	218.89	184.31	224.41	189.64	193.47	186.03
103.55	89.758	79.881	109.33	131.27	99.548	107.07	102.13	125.88	86.255
79.573	103.22	111.94	105.19	75.864	98.126	72.983	70.622	72.865	80.052
128.98	86.212	122.66	130.5	130.35	135.72	143.33	125.35	108.42	127.26
105.86	138.58	126.9	156.68	140.52	149.01	121.72	111.8	122.35	121.06
90.378	125.92	99.219	101.88	111.16	103.68	90.829	100.39	116.25	89.829
69.239	62.086	62.879	76.763	76.371	75.344	79.53	75.964	70.424	65.638
176.72	210.72	119.38	104.12	96.672	89.118	110.22	113.22	107.69	94.515
87.977	106.15	72.914	91.107	93.82	85.945	108.23	98.925	80.301	89.999
79.281	81.908	68.558	58.933	73.95	59.942	66.709	81.257	79.252	73.304
71.908	71.018	58.548	64.525	81.457	76.065	73.04	78.922	72.262	64.562
74.382	137.65	145.61	170.55	156.15	141.76	134.7	149.36	128.46	136.29
93.174	107.1	87.889	93.789	108.73	91.411	91.108	88.606	90.151	78.984
85.07	119.11	133.18	158.45	142.83	120.62	107.7	120.23	110.05	116.9
136.78	151.67	128.95	127.17	108.6	95.474	94.235	99.919	109.43	97.439
95.415	79.888	87.241	95.526	94.525	91.22	82.439	95.867	81.209	82.957
197.61	132.69	127.23	106.24	108.39	106.24	91.223	89.359	97.463	79.12
87.671	90.38	89.092	101.8	100.52	103.14	97.349	105.67	97.916	97.843
59.327	84.297	88.621	101.38	94.676	96.671	98.914	97.302	104.41	92.421
102.49	113.43	75.094	88.856	81.098	72.287	108.69	87.71	69.688	82.248
120.3	193.65	163.5	186.85	161.72	145.75	172.62	136.42	136.54	134.61
72.313	112.15	87.823	88.444	85.151	69.157	86.296	83.581	91.868	71.018
66.293	76.983	63.723	78.025	73.578	67.406	80.83	84.979	79.511	74.074
124.6	103.63	91.518	81.878	88.129	85.427	90.204	77.554	80.123	66.386
70.038	67.578	63.215	85.678	89.65	85.4	85.153	95.392	85.073	87.159
98.883	114.96	113.46	96.078	106.55	89.216	99.709	105.75	100.98	98.873
75.114	82.12	63.768	70.571	80.897	72.795	70.714	71.118	73.011	69.915
64.666	72.411	74.832	80.432	89.262	79.73	61.879	68.165	73.296	78.792
105.01	139.95	105.41	100.18	93.597	102.57	86.147	91.498	86.086	99.718
82.221	92.049	69.879	78.428	79.629	89.152	86.728	79.511	93.7	79.178
62.06	75.756	64.509	73.616	76.286	69.801	65.734	72.202	74.066	65.518
78.125	83.459	62.008	79.387	73.711	75.848	78.817	76.114	88.034	73.375
110.34	91.994	79.821	95.928	87.178	75.894	83.965	78.377	91.529	77.122
80.993	89.847	72.082	74.236	72.868	71.36	82.134	72.194	81.606	69.76
56.639	67.61	59.483	61.205	58.449	62.11	69.538	61.904	66.068	64.15
88.173	114.68	85.952	81.009	70.105	62.659	73.881	72.156	63.817	70.723
63.789	91.497	88.391	97.718	91.2	93.987	92.182	79.343	89.507	93.104
79.702	128.98	106.16	96.991	103.55	84.942	82.656	110.67	88.197	88.051
82.819	89.335	78.28	67.509	86.575	67.579	85.266	65.705	66.656	58.359
64.858	54.761	63.753	69.194	76.83	59.088	46.59	67.743	55.293	60.383
79.776	97.509	75.614	81.619	81.688	72.155	75.587	87.445	84.551	70.486
108.47	84.004	76.381	76.669	96.751	77.882	81.1	82.516	81.62	79.765
54.558	64.719	59.816	62.643	60.121	64.027	61.629	59	68.588	62.79
76.942	93.302	69.478	86.308	76.394	84.502	72.642	72.979	88.907	79.662
81.073	88.976	70.882	91.528	84.286	80.104	76.276	74.466	83.196	79.094
82.391	132.81	97.717	100.15	93.417	103.11	90.471	86.475	93.915	89.482
84.845	82.337	75.152	69.898	71.047	73.325	74.384	65.451	75.038	79.837
92.208	84.807	65.205	81.153	67.552	74.804	71.256	67.459	70.228	76.066
130.44	89.248	84.385	90.301	67.607	78.497	92.744	81.463	77.106	72.752
84.971	117.94	98.514	99.348	92.608	98.99	92.659	119.38	92.842	114.76
84.553	97.611	82.548	88.166	84.298	78.067	86.877	91.233	88.935	98.423
107.67	105.09	65.402	115.8	75.862	75.012	83.188	103.45	69.834	92.417
126.68	198.94	149.42	192.6	199.94	146.44	149.69	157.17	136.34	129.48
102.58	82.731	74.337	82.625	111.42	88.219	101.1	106.4	108.28	93.797
66.635	88.651	69.277	85.524	82.725	77.962	78.422	74.219	83.283	72.297
128.38	108.48	80.837	103.9	96.81	93.731	78.752	76.863	83.412	72.345
87.055	112.81	100.04	135.84	124.56	126.25	95.717	131.94	117.54	130.58
93.101	99.225	109.06	100.27	87.651	89.155	98.311	112.16	113.95	114.12
94.051	108.45	98.914	110.51	111.92	101.39	94.712	87.409	98.71	96.575
70.399	100.55	97.038	82.684	89.866	82.023	106.26	86.444	104.08	91.924
89.392	91.743	76.203	92.7	69.735	74.309	83.273	76.051	85.314	81.405
100.55	140.01	112.99	92.093	99.386	97.83	123.27	105.61	101.98	102.75
95.973	79.243	69.926	81.725	83.519	76.476	70.324	84.795	89.867	85.807
73.331	72.144	71.111	77.885	69.063	71.165	71.943	77.898	80.944	72.319
75.054	83.322	78.273	85.958	77.687	89.915	68.758	100.31	86.735	80.924
92.955	130.89	125.06	163.68	163.24	129.5	127.51	143.36	153.83	130.53
68.085	87.553	76.858	70.227	91.744	80.123	72.672	74.411	85.094	79.587
91.265	88.328	88.962	107.42	95.853	97.99	94.03	86.44	85.088	81.106
79.252	90.257	98.831	84.167	99.101	86.474	88.133	92.435	95.458	92.384
103.78	187.78	138.82	183.03	156.9	173.62	117.73	168.32	161.61	174.65
236.23	188.51	159.21	155.12	162.15	143.39	165.09	154.26	146.56	123.64
77.243	83.808	77.756	76.3	90.892	100.26	105.22	103.82	86.459	97.54
190.54	174.79	168.54	163.2	150.57	162.08	170.77	171.65	163.9	159.14
286.5	208.78	198.6	242.11	227.47	288.23	262.21	302.55	267.27	261.65
99.198	148.61	177.31	186.07	245.32	219.78	244.61	227.4	277.42	218.18
100.1	67.591	71.582	97.268	88.294	84.898	84.097	110.74	79.665	59.513
272.42	111.86	138.02	166.83	82.346	102.11	116.42	115.02	149.36	135.61
442.45	442.22	456.53	398.59	405.19	395.93	323.76	348.96	365.42	315.83
74.573	142.66	176.44	168.89	314.44	261.69	307.53	289.38	316.39	264.95
115.6	335.06	164.89	153.52	231.7	373.87	228.16	322.93	234.81	185.23
0	0	0	0	0	0	0	0	0	0
