79	22	85	46	111	114	65	112	14	6	41	15	49	39	50	43	93	119	118	100	82	107	2	86	68	54	4	106	97	30	101	38	104	103	83	91	10	57	87	33	27	8	109	0	51	60	37	90	35	81	47	89	55	7	72	59	23	52	108	102	21	11	116	42	61	84	63	74	96	80	77	12	58	99	70	62	18	48	34	3	5	1	31	67	88	92	64	71	45	44	53	98	95	94	105	9	17	26	32	36	20	29	16	76	56	40	28	78	113	115	19	24	66	69	117	13	73	75	120	110	25
69	116	60	23	83	20	93	4	115	34	37	54	98	53	52	56	27	84	90	55	81	80	91	88	9	85	95	16	111	76	19	89	14	109	46	107	47	112	41	104	25	100	39	77	99	31	119	61	106	48	44	32	68	0	97	79	10	30	57	15	78	26	24	67	73	12	92	114	70	50	33	35	51	64	120	21	82	72	49	102	8	13	5	28	74	38	86	42	113	108	94	58	22	62	65	17	7	6	59	45	3	110	36	118	43	117	66	103	96	87	1	29	71	11	40	2	101	75	63	18	105
82	15	53	45	96	120	93	6	40	80	85	116	23	114	1	49	20	21	8	46	30	99	69	110	26	81	78	7	66	5	48	41	83	75	50	115	14	117	102	101	103	112	72	32	92	2	113	24	111	108	76	88	37	54	104	62	107	71	12	28	79	3	29	98	27	34	77	31	17	38	105	4	64	70	63	44	89	73	22	86	94	95	47	36	19	43	13	16	57	65	109	97	56	51	100	90	106	39	25	74	84	0	10	9	61	118	33	68	11	58	52	42	18	91	59	67	119	87	35	60	55
120	84	70	118	112	115	31	20	89	110	11	90	15	114	83	26	108	7	1	91	78	38	92	81	66	32	103	43	49	3	119	106	52	67	101	59	97	4	12	5	13	40	9	117	34	25	68	30	85	63	69	73	29	72	80	10	28	58	109	0	111	23	76	60	94	86	79	104	47	64	82	41	87	42	22	51	96	55	54	113	36	116	19	61	33	62	99	93	18	77	56	14	102	107	48	105	74	100	8	46	71	39	16	2	17	44	21	53	50	37	65	88	45	6	35	27	98	24	57	95	75
7	42	109	113	59	20	95	89	41	108	24	71	96	72	118	60	2	65	29	18	38	87	8	86	81	107	102	10	70	99	1	12	15	58	120	101	14	33	74	115	98	52	88	51	17	3	92	28	48	82	62	54	21	112	30	11	37	110	67	39	105	78	43	77	22	44	103	66	93	63	35	117	61	5	45	64	16	100	32	80	90	83	46	56	19	9	69	119	34	94	50	49	84	91	106	116	73	26	104	25	79	40	97	55	85	76	23	47	13	68	111	31	27	75	114	36	53	0	6	57	4
48	37	117	19	80	46	44	70	35	79	113	95	23	7	30	26	112	94	2	25	28	111	91	118	106	103	17	87	93	0	64	6	109	98	88	33	67	89	55	108	39	16	11	68	120	76	1	58	12	61	97	66	20	59	15	81	42	54	27	114	74	38	107	71	75	50	45	51	65	5	3	69	18	22	100	101	82	84	8	85	99	31	92	41	4	32	47	29	56	72	78	53	52	105	24	110	102	40	14	63	21	96	43	57	119	73	86	104	90	62	9	115	116	49	60	10	36	34	83	77	13
5	116	20	4	107	84	12	63	31	11	106	56	54	6	2	88	75	43	91	65	55	96	45	77	93	69	64	81	18	85	86	61	90	26	115	40	113	14	120	74	22	94	34	39	21	102	48	103	47	58	13	1	99	95	46	105	59	52	79	44	27	104	23	24	9	110	38	78	8	28	117	10	15	83	92	41	87	53	17	57	36	42	111	109	7	30	71	97	29	98	3	19	114	50	49	118	80	112	76	35	62	68	72	32	101	0	37	66	89	16	60	82	67	70	33	119	108	100	73	51	25
98	37	97	1	11	24	13	77	96	9	82	40	70	3	120	102	6	86	113	47	110	117	46	91	20	118	58	112	30	33	71	101	10	26	61	2	39	84	52	59	44	38	65	16	80	76	99	90	115	48	109	8	28	73	0	79	88	66	74	22	72	116	104	60	4	17	75	54	51	35	114	45	78	29	119	94	89	64	36	69	12	42	93	92	85	31	81	49	21	57	43	107	27	18	23	106	5	55	100	63	7	62	14	15	53	105	95	108	32	83	25	68	87	103	111	50	34	19	41	67	56
104	102	52	109	115	0	91	2	69	120	108	34	33	92	12	7	6	32	119	11	82	63	80	97	42	88	65	85	19	3	49	62	20	87	21	55	37	29	116	110	78	94	51	22	76	105	25	83	9	59	112	39	99	15	70	113	93	118	1	50	5	13	45	60	35	24	54	96	41	107	66	75	100	10	38	18	36	58	61	84	48	57	81	95	4	86	30	71	73	103	26	47	77	111	43	90	40	8	101	64	44	98	53	31	46	27	72	16	79	14	67	106	17	56	74	28	89	114	117	68	23
55	101	73	72	93	61	37	17	49	64	110	30	86	109	7	35	43	63	81	54	56	112	118	58	9	104	76	46	117	19	25	26	38	78	50	45	41	68	8	2	5	116	102	14	96	91	90	103	62	85	82	79	36	114	84	71	40	24	6	20	44	115	69	23	22	52	106	15	4	99	39	108	98	70	32	75	65	12	100	66	11	92	107	77	111	33	34	94	28	29	60	57	83	3	105	47	119	89	48	97	53	42	16	31	95	88	51	113	18	0	10	80	1	59	87	120	21	74	27	67	13
67	46	14	42	93	60	109	64	119	118	80	115	39	18	33	11	85	90	105	57	59	37	106	110	83	8	65	34	4	91	12	117	113	6	22	28	35	21	79	36	53	71	108	107	70	94	25	55	19	31	3	66	104	78	45	29	88	95	27	7	50	15	44	54	58	51	49	20	103	52	38	112	13	69	98	102	10	23	9	0	63	89	120	30	116	5	114	77	99	1	81	100	16	97	56	92	96	86	17	48	26	72	32	61	43	41	47	73	40	76	75	111	87	82	68	84	62	24	101	74	2
32	73	63	82	54	47	48	39	99	12	27	49	77	70	97	28	34	9	83	102	24	107	1	38	21	11	56	14	88	20	67	26	17	0	2	6	61	40	19	44	68	4	23	76	8	111	30	100	52	33	69	5	51	85	98	7	16	92	91	89	29	62	118	58	93	42	66	112	81	59	37	55	96	84	71	43	116	90	101	46	95	35	57	15	114	110	45	18	36	79	78	87	113	103	94	64	72	60	115	105	41	3	109	117	104	22	106	25	53	65	74	50	120	13	80	10	31	86	119	75	108
31	75	78	55	40	1	119	105	44	37	35	66	46	6	102	73	45	50	13	111	109	54	39	18	38	3	107	53	77	103	29	48	94	15	93	16	17	97	20	104	9	120	92	69	51	34	81	99	22	59	100	33	106	115	64	41	23	36	67	30	76	28	43	0	83	27	110	85	26	52	72	95	5	84	80	101	88	47	58	114	74	68	91	61	57	63	118	70	62	98	8	108	19	14	25	32	11	117	86	116	12	49	71	79	2	21	89	4	112	10	56	24	7	113	60	87	82	42	65	90	96
35	93	23	52	106	115	109	45	65	67	83	17	92	53	79	78	77	76	94	73	87	19	120	5	39	107	41	55	58	42	21	26	38	97	82	40	0	2	46	80	8	15	50	114	64	27	20	105	98	108	10	89	30	119	90	101	63	22	3	18	48	88	110	9	47	59	61	113	32	14	1	29	69	56	37	103	75	12	100	96	112	36	91	104	81	4	33	84	86	7	24	72	43	11	60	57	71	25	54	51	6	31	102	116	70	117	118	28	62	111	66	49	13	44	95	68	99	16	85	74	34
96	106	8	27	5	72	45	83	79	11	50	110	26	58	115	108	57	44	84	10	81	61	113	82	104	91	73	14	64	18	114	100	118	103	2	63	77	47	95	105	80	90	85	60	93	120	31	49	35	25	19	22	21	15	75	117	33	101	28	69	7	48	46	30	97	1	56	111	3	74	67	102	23	12	32	62	112	86	88	42	98	17	13	71	9	116	24	92	65	94	99	39	6	78	109	53	37	20	55	66	89	59	107	51	40	16	0	87	34	29	76	68	70	119	52	4	38	41	43	36	54
40	61	120	103	28	70	25	50	69	118	30	36	39	15	83	16	60	56	26	10	17	22	13	9	84	57	66	32	79	106	2	67	87	3	115	7	53	72	111	71	1	47	74	100	102	24	113	8	94	54	99	75	46	48	44	88	43	23	116	18	91	90	96	89	65	107	27	73	97	4	19	80	12	110	108	5	52	59	37	33	112	6	114	104	78	0	109	51	38	42	20	64	117	77	95	98	68	92	55	58	45	85	35	101	49	41	63	31	76	119	29	21	105	93	14	34	86	11	82	81	62
22	64	10	89	21	51	96	27	65	78	4	85	118	66	31	76	75	6	79	55	93	56	28	114	58	20	37	61	88	113	100	49	54	117	50	0	104	112	9	5	14	1	38	107	46	94	29	33	97	119	39	84	25	11	48	44	23	105	57	26	86	71	82	16	109	120	41	13	42	81	40	101	116	87	43	30	73	115	24	68	77	90	19	52	110	8	53	32	3	95	2	12	74	63	111	7	102	91	92	69	35	67	106	70	62	34	103	60	83	72	47	17	45	15	99	18	80	36	108	59	98
