38	69	107	52	8	41	118	83	104	119	11	103	19	72	87	112	71	32	91	10	56	67	114	98	36	78	110	61	100	45	22	105	63	1	76	60	54	62	79	27	51	50	16	57	85	97	48	106	111	88	34	18	89	33	35	13	42	15	66	28	53	82	116	70	25	5	17	81	90	73	14	0	65	77	64	80	99	93	2	101	96	37	92	3	109	40	39	24	84	23	6	102	94	44	4	108	117	86	58	55	21	115	113	49	30	75	68	46	29	26	47	43	20	59	95	31	7	12	120	9	74
108	25	43	59	55	84	20	32	112	27	46	29	34	78	45	113	24	89	120	64	40	93	102	76	95	83	101	33	6	23	72	94	91	39	111	10	51	1	114	92	109	65	105	2	79	88	22	104	53	31	90	56	15	86	35	85	0	68	62	41	47	103	63	67	100	58	52	117	38	81	50	115	66	82	99	54	49	71	70	80	48	21	73	118	5	8	11	19	96	3	36	44	74	97	28	16	75	4	42	12	69	18	57	106	37	119	60	9	30	87	110	26	61	98	17	77	14	13	107	7	116
9	98	104	105	115	56	92	44	76	93	111	66	16	75	54	38	49	22	42	26	2	73	101	77	117	6	32	24	96	119	53	67	63	14	5	82	86	87	97	47	40	113	61	55	118	0	3	94	60	103	17	72	109	52	15	37	31	8	83	100	51	7	28	90	114	102	57	48	89	1	43	84	11	33	62	120	99	74	59	58	27	25	10	46	12	41	34	64	78	69	71	107	50	19	4	70	95	13	65	110	88	80	39	68	45	112	36	29	23	91	18	30	79	85	116	108	21	106	35	20	81
49	14	101	12	99	80	102	116	48	86	72	23	34	84	37	20	97	65	91	77	39	58	59	25	67	16	32	7	111	94	29	46	60	69	88	118	75	112	92	28	38	117	66	51	0	100	52	104	33	47	96	113	82	6	70	95	17	40	4	24	114	89	81	93	63	61	22	11	57	119	19	2	54	31	85	62	35	83	90	73	56	50	68	103	120	110	30	74	42	107	43	45	71	105	18	9	10	1	3	36	15	78	26	44	98	115	76	5	79	106	64	41	87	55	27	13	108	21	8	109	53
61	63	19	85	48	53	40	32	14	16	94	106	115	66	68	84	27	58	6	18	42	49	57	13	70	0	67	59	51	113	29	30	17	52	55	43	81	54	12	47	96	114	91	56	104	82	119	88	102	38	4	80	3	101	78	50	72	10	116	41	33	107	108	92	62	11	76	74	24	8	97	95	98	77	7	64	73	25	37	117	71	28	99	111	5	60	87	100	45	39	75	26	112	22	103	2	90	109	110	36	86	69	21	9	83	105	79	35	46	93	23	31	44	15	89	118	120	34	65	20	1
36	30	73	115	64	96	109	10	91	39	35	58	50	14	85	45	18	86	112	71	72	32	52	44	118	92	25	33	20	53	46	16	12	97	0	55	120	51	111	82	67	70	1	54	15	101	34	102	90	117	77	24	95	93	83	69	59	62	81	27	105	99	11	60	66	87	100	4	31	63	42	29	84	37	75	89	19	76	74	6	98	88	106	23	79	48	114	47	8	22	104	61	43	107	2	9	5	103	40	56	110	78	113	57	26	3	38	13	116	41	68	49	108	7	80	65	28	119	94	21	17
18	113	40	69	25	79	60	52	53	103	22	50	7	114	92	37	5	111	33	45	100	110	39	44	96	34	65	91	112	2	54	6	12	48	30	81	55	36	43	70	19	80	78	76	11	49	28	115	84	72	75	38	68	16	74	0	21	32	107	26	116	94	119	59	86	120	14	42	1	23	20	95	27	9	31	82	90	17	77	83	109	47	102	10	51	108	73	8	4	58	71	88	62	61	104	97	56	63	13	46	66	99	29	118	117	41	24	89	93	64	35	106	67	87	57	98	85	101	3	15	105
54	18	43	56	98	117	75	96	27	68	108	10	34	15	64	72	114	86	113	39	110	0	50	8	19	55	77	21	70	90	95	67	48	49	82	107	53	22	45	65	94	40	16	116	71	76	24	46	106	1	42	78	91	2	60	101	17	13	89	57	37	92	73	63	35	100	118	109	111	80	31	47	14	120	33	119	3	23	28	58	61	44	11	59	69	66	83	6	26	5	105	97	88	74	79	7	38	41	32	51	112	104	102	87	30	103	9	84	99	4	62	93	85	36	115	12	25	20	81	52	29
15	43	60	50	53	77	8	57	37	46	11	42	90	119	39	71	48	96	38	112	73	88	91	12	67	10	55	109	7	47	41	5	74	49	97	66	26	113	62	107	1	58	83	36	56	44	92	52	89	117	45	72	86	63	78	68	40	23	106	0	33	59	64	85	69	13	25	116	115	35	16	98	4	24	27	104	32	80	21	51	20	18	87	103	31	61	105	82	81	101	120	22	17	95	75	14	76	102	2	30	100	28	19	65	79	114	110	6	99	3	70	93	111	29	108	84	34	118	94	9	54
57	76	16	77	60	61	93	86	92	94	17	38	109	66	84	4	78	105	106	10	100	34	20	58	89	119	116	8	39	42	62	25	64	73	46	40	14	6	53	108	9	26	32	13	104	43	7	24	12	110	44	52	101	90	1	103	118	49	59	72	37	112	87	47	15	79	67	65	11	80	82	75	28	107	41	111	22	63	2	71	27	55	102	113	0	85	3	35	117	98	45	88	31	56	81	83	48	114	5	69	95	54	51	115	68	91	19	23	33	99	29	21	96	50	120	97	30	74	70	36	18
15	102	5	16	115	98	86	105	62	101	87	34	79	66	33	117	96	106	6	56	118	49	17	88	13	68	69	61	58	95	103	12	70	89	29	54	57	48	51	23	1	4	113	82	2	71	22	7	67	38	27	65	36	8	116	32	77	83	111	60	81	40	37	108	0	112	50	46	43	114	14	55	45	63	26	35	21	90	42	75	110	78	25	10	80	28	44	74	76	64	97	109	99	20	94	31	107	92	3	52	73	19	41	11	72	84	53	93	100	120	24	39	9	59	119	91	18	30	104	85	47
63	107	77	21	53	58	33	109	4	38	79	55	95	66	45	116	115	84	75	44	100	112	9	36	15	57	113	40	103	118	28	90	43	65	74	11	17	0	82	26	102	23	13	16	52	29	14	59	35	60	64	39	8	72	34	91	117	73	54	120	20	81	83	94	86	62	119	105	85	31	5	80	30	69	18	104	96	3	61	108	76	51	93	2	48	89	68	1	42	78	111	19	92	88	106	32	71	27	41	24	7	37	46	97	101	56	22	47	12	6	49	87	50	25	10	67	110	98	70	99	114
54	58	1	59	80	69	46	116	5	63	40	93	113	103	56	101	114	70	15	52	115	45	117	39	0	91	50	44	82	20	78	112	68	92	14	111	42	98	11	9	87	88	35	109	81	85	118	95	25	34	2	7	77	104	16	6	62	66	108	110	75	3	74	55	8	33	47	36	29	71	90	94	120	96	27	10	13	26	107	89	86	30	17	28	64	106	21	84	97	72	49	67	37	51	65	24	76	60	22	23	119	4	12	32	18	53	102	105	57	99	19	61	100	43	73	31	41	79	38	83	48
87	85	115	0	31	2	3	88	92	43	81	44	78	46	17	10	29	89	120	104	116	8	54	69	9	30	67	16	28	70	71	73	49	77	58	97	118	5	34	40	35	13	61	76	20	21	101	56	65	66	63	113	110	112	51	6	22	36	27	19	12	32	91	55	99	50	102	59	37	45	107	39	75	119	86	80	38	98	7	103	94	57	25	79	100	64	117	41	82	84	68	109	111	53	105	47	42	93	96	4	108	52	83	24	95	90	60	11	62	48	33	15	106	18	114	1	26	23	72	74	14
95	55	81	13	79	72	100	119	60	27	20	38	96	46	56	58	86	44	102	64	39	90	114	33	108	41	42	7	57	8	80	117	111	89	115	70	45	93	5	6	29	25	85	0	118	107	109	52	17	82	22	14	9	112	71	12	105	36	32	88	68	21	106	31	16	116	24	18	62	47	26	92	40	43	19	4	35	77	98	1	48	74	2	66	30	110	65	94	49	28	84	97	51	75	23	69	78	91	53	34	54	3	73	11	103	67	104	76	99	59	83	63	10	87	61	37	113	101	120	50	15
96	78	59	11	45	57	87	100	52	43	61	94	17	77	83	39	51	63	115	55	106	47	93	64	12	109	5	119	60	7	28	56	36	86	91	1	58	71	85	35	33	98	89	22	49	41	68	2	90	48	111	38	76	32	117	14	10	26	27	118	84	44	104	16	99	70	29	19	110	80	69	20	113	42	73	9	6	79	92	108	112	103	53	13	105	30	97	15	82	74	25	18	3	40	66	120	72	37	116	50	107	95	54	101	62	81	4	23	0	114	21	75	31	24	34	46	65	102	88	67	8
1	101	53	94	62	4	63	29	55	7	79	25	43	51	68	58	41	100	92	22	27	37	105	46	18	24	78	5	71	13	84	110	108	9	117	119	32	3	20	118	75	99	69	77	42	87	56	82	10	52	36	96	16	83	21	14	115	91	116	60	38	104	76	102	111	31	61	112	106	93	26	45	107	44	48	33	66	74	11	12	19	65	57	8	97	95	64	50	17	6	81	85	35	28	70	30	0	23	34	103	89	39	73	40	114	88	59	80	49	54	72	15	86	98	90	47	67	120	113	2	109
93	37	96	5	86	43	80	33	20	41	116	1	74	42	110	78	21	111	70	32	106	6	119	4	94	102	85	39	100	7	91	108	104	112	17	76	48	2	36	13	120	12	46	59	18	118	57	24	75	64	82	11	88	113	38	35	51	23	8	54	77	44	45	14	49	89	47	30	103	61	58	81	92	83	87	105	28	10	101	63	25	50	3	73	68	60	117	27	29	69	67	99	22	62	109	55	98	19	65	97	53	72	95	66	15	9	107	26	56	31	16	90	34	40	0	114	71	79	52	115	84
25	51	32	34	29	43	111	93	90	85	69	14	64	57	59	24	26	13	37	74	31	18	112	0	80	58	84	62	88	53	47	101	16	19	35	10	70	99	54	102	1	119	28	39	52	22	92	100	104	48	41	5	9	40	114	20	30	120	45	109	82	61	7	110	44	91	27	108	49	98	42	105	76	60	36	118	75	12	6	81	2	65	89	72	68	97	113	78	107	55	38	67	63	95	96	116	87	115	3	73	71	117	23	56	33	8	46	94	21	79	106	83	11	50	4	17	77	86	103	15	66
35	93	49	103	5	2	72	47	9	74	86	76	25	117	48	42	90	39	111	8	0	53	41	75	15	43	120	100	60	73	89	94	112	83	24	59	92	82	62	95	55	56	71	99	116	109	57	77	102	16	63	81	85	96	13	27	20	26	84	54	101	78	110	91	68	87	69	11	34	4	80	46	65	23	114	97	18	17	37	115	79	88	45	31	66	40	29	32	58	107	113	61	70	19	67	105	1	36	51	14	30	33	22	52	98	64	104	28	44	3	108	38	119	50	106	10	12	118	7	21	6
